219 20
213 19
2 18
43 17
345 16
2 15
42 14
23 13
1 12
24 11
543 10
22 9
665 8
3 7
64 6
64 5
4 4
75 3
7 2
5 1
12 21
48 56
654 22
12 46
120 23
326 47
78 25
456 24
74 26
621 57
45 60
37 58
87 59
92 48
78 27
30 49
79 28
198 51
67 50
349 29
150 31
59 30
51 33
43 32
16 61
798 35
45 34
13 38
12 36
02 37
568 39
45 41
12 40
157 43
463 42
4556 44
181 45
794 53
465 54
1530 52
179 55
12263 62 
0164 65
157 63
196 64
79 67
161 66
156 69
1374 68
17 70
158 72
157 71
183 75
415 74
41 73
87 78
72 76
4 77
